    0     0     0     0     0     0     0     0     0     0     0     0
    0     0     0     0     0     0     0     0     0     0     0     0
    0     0     0     0     0     0     0     0     0     0     0     0
    0     0     0     0     0     0     0     0     0     0     0     0
    0     0     0     0     0     0     0     0     0     0     0     0
    0     0     0     0     0     0     0     0     0     0     0     0
    0     0     0     0     0     0     0     0     0     0     0     0
    0     0     0     0     0     0     0     0     0     0     0     0
  159     0     0     0     0     0     0     0     0     0     0     0
  159     0     0     0     0     0     0     0     0     0     0     0
    0     0     0     0     0     0     0     0     0     0     0     0
    0     0     0     0     0     0     0     0     0     0     0     0
    0     0     0     0     0     0     0     0     0     0     0     0
    0     0     0     0     0     0     0     0     0     0     0     0
    0     0     0     0     0     0     0     0     0     0     0     0
    0     0     0     0     0     0     0     0     0     0     0     0
    0     0     0     0     0     0     0     0     0     0     0     0
    0     0     0     0     0     0     0     0     0     0     0     0
    0     0     0     0     0     0     0     0     0     0     0     0
    0     0     0     0     0     0     0     0     0     0     0     0
    0     0     0     0     0     0     0     0     0     0     0     0
    0     0     0     0     0     0     0     0     0     0     0     0
    0     0     0     0     0     0     0     0     0     0     0     0
    0     0     0     0     0     0     0     0     0     0     0     0
    0     0     0     0     0     0     0     0     0     0     0     0
    0     1     1     0     0     0     0     0     0     0     0     0
   26    27    23     0     0     0     0     0     0     0     0     0
  159   158    98     0     0     0     0     0     0     0     0     0
  159   150    76     0     0     0     0     0     0     0     0     0
    0     9     9     0     0     0     0     0     0     0     0     0
    0     0     0     0     0     0     0     0     0     0     0     0
    0     0     0     0     0     0     0     0     0     0     0     0
    0     0     0     0     0     0     0     0     0     0     0     0
    0     0     0     0     0     0     0     0     0     0     0     0
    0     0     0     0     0     0     0     0     0     0     0     0
    0     0     0     0     0     0     0     0     0     0     0     0
    0     0     0     0     0     0     0     0     0     0     0     0
    0     0     0     0     0     0     0     0     0     0     0     0
    0     0     0     0     0     0     0     0     0     0     0     0
    0     0     0     0     0     0     0     0     0     0     0     0
    0     0     0     0     0     0     0     0     0     0     0     0
    0     0     0     0     0     0     0     0     0     0     0     0
    0     0     0     0     0     0     0     0     0     0     0     0
    0     0     0     1     1     0     0     0     0     0     0     0
    0     6     8     8     3     0     0     0     0     0     0     0
   30    39    40    37     7     0     0     0     0     0     0     0
  159   158   148    96     6     0     0     0     0     0     0     0
  159   150   122   101    28     0     0     0     0     0     0     0
    2    33    43    43    26     0     0     0     0     0     0     0
    0     0     0     0     0     0     0     0     0     0     0     0
    0     0     0     0     0     0     0     0     0     0     0     0
    0     0     0     0     0     0     0     0     0     0     0     0
    0     0     0     0     0     0     0     0     0     0     0     0
    0     0     0     0     0     0     0     0     0     0     0     0
    0     0     0     0     0     0     0     0     0     0     0     0
    0     0     0     0     0     0     0     0     0     0     0     0
    0     0     0     0     0     0     0     0     0     0     0     0
    0     0     0     0     0     0     0     0     0     0     0     0
    0     0     0     0     0     0     0     0     0     0     0     0
    0     0     0     0     0     0     0     0     0     0     0     0
    0     0     0     0     0     0     0     0     0     0     0     0
    0     0     0     0     0     1     1     0     0     0     0     0
    0     0     0     4     4     4     1     0     0     0     0     0
    0     6     9    12    17    13     1     0     0     0     0     0
   33    40    48    48    44    24     1     0     0     0     0     0
   86   149   146   109    82    28     1     0     0     0     0     0
   57   132   127   110    94    46    10     0     0     0     0     0
    2    34    46    46    46    39    12     0     0     0     0     0
    0     0     0     1     8    11     5     0     0     0     0     0
    0     0     0     0     0     0     0     0     0     0     0     0
    0     0     0     0     0     0     0     0     0     0     0     0
    0     0     0     0     0     0     0     0     0     0     0     0
    0     0     0     0     0     0     0     0     0     0     0     0
    0     0     0     0     0     0     0     0     0     0     0     0
    0     0     0     0     0     0     0     0     0     0     0     0
    0     0     0     0     0     0     0     0     0     0     0     0
    0     0     0     0     0     0     0     0     0     0     0     0
    0     0     0     0     0     0     0     0     0     0     0     0
    0     0     0     0     0     0     0     0     0     0     0     0
    0     0     0     0     0     0     1     1     0     0     0     0
    0     0     0     0     1     4     4     2     0     0     0     0
    0     0     0     5     8     9     7     3     0     0     0     0
    0     1     7    13    20    20    17     5     0     0     0     0
   29    33    56    51    46    41    34     7     0     0     0     0
   34    49   116   101    92    76    32     3     0     0     0     0
    9    31    98   112   102    89    48     5     0     0     0     0
    2     4    21    50    53    53    47    27     5     0     0     0
    0     0     2     3    10    27    32    27     5     0     0     0
    0     0     0     0     0     0     0     2     2     0     0     0
    0     0     0     0     0     0     0     0     0     0     0     0
    0     0     0     0     0     0     0     0     0     0     0     0
    0     0     0     0     0     0     0     0     0     0     0     0
    0     0     0     0     0     0     0     0     0     0     0     0
    0     0     0     0     0     0     0     0     0     0     0     0
    0     0     0     0     0     0     0     0     0     0     0     0
    0     0     0     0     0     0     0     0     0     0     0     0
    0     0     0     0     0     0     0     0     0     0     0     0
    0     0     0     0     0     0     0     0     1     1     0     0
    0     0     0     0     0     0     3     3     3     1     0     0
   24     0     0     0     1     6     6     6     4     1     0     0
   24     0     0     1     7     9    11    13     6     0     0     0
    1     2     4     8    20    20    22    18    14     0     0     0
   26    30    32    33    46    43    38    35    20     1     0     0
   46    55    49    89    97    83    60    40    11     1     0     0
   23    43    35    75    96    89    76    34     5     0     0     0
    4     9     8    13    47    55    55    51    31    10     1     0
    0     0     2     2    10    34    41    40    31    14     3     0
    0     0     0     0     0     0     3     8    11     7     2     0
    0     0     0     0     0     0     0     0     0     0     0     0
    5     5     1     0     0     0     0     0     0     0     0     0
  288   260     3     0     0     0     0     0     0     0     0     0
  403   365     9     0     0     0     0     0     0     0     0     0
  403   111     7     0     0     0     0     0     0     0     0     0
    0     0     0     0     0     0     0     0     0     0     0     0
    0     0     0     0     0     0     0     0     0     0     0     0
    0     0     0     0     0     0     0     0     0     1     1     0
    0     0     0     0     0     0     0     1     3     3     1     0
    0     0     0     0     0     0     3     4     4     4     1     0
   24    20     2     0     0     4     8     8    10     5     2     0
   24    24    14     8     2     6    10    16    15    10     4     0
   16    19    18    16    10    14    22    19    18    15     2     0
   10    21    28    28    24    36    40    37    33    14     1     1
   29    47    48    50    69    83    71    58    40    13     1     1
   21    36    38    37    62    82    75    53    34     7     0     0
    4     6    12    14    25    44    65    61    50    30     7     0
    0     0     2     3     3    12    38    44    42    37    23     6
    0     0     0     2     2     0     3    10    20    24    20     6
    0     5    14    13     4     0     0     0     1     3     4     2
   25    66    83    73     5     0     0     0     0     0     0     0
  295   301   273   125     6     2     1     0     0     0     0     0
  403   397   340   160    41     6     1     0     0     0     0     0
  403   117   100    85    36     4     0     0     0     0     0     0
    0     0     0     0     0     0     0     0     0     0     0     0
    0     0     0     0     0     0     0     0     0     0     1     1
    0     0     0     0     0     0     0     0     0     2     3     2
    0     0     0     0     0     0     0     1     4     4     4     2
    0     0     0     0     0     0     0     5     7     7     4     1
   23    20     7     2     1     1     5     7     9     9     4     4
   24    24    23    17     5     2     5    14    16    13    11     5
   17    20    24    24    27    24    15    23    22    22    16     4
    1    11    31    36    37    34    28    36    35    28    14     5
   14    18    29    40    47    60    62    60    50    40    14     3
   16    19    24    31    38    53    68    68    55    36     8     0
    2     5     7    14    23    28    44    58    61    48    18     2
    0     0     0     4     8    11    22    39    47    47    39    23
    0     0     1    17    22    19     4     8    23    35    35    27
    0     7    25    38    45    40     2     0     1     5     9     9
   27    86   162   159   121    68     1     0     0     0     0     0
  293   304   300   270   171    80    14     2     2     1     1     0
  389   394   364   286   160   108    69    16     6     1     1     0
  108   111   103    90    85    80    57    14     4     0     0     0
    0     0     0     0     0     0     0     0     0     0     0     0
    0     0     0     0     0     0     0     0     0     0     2     2
    0     0     0     0     0     0     0     0     0     3     4     4
    0     0     0     0     0     0     0     0     4     6     6     4
    0     1     1     1     0     0     1     3     8     7     8     2
    6     7     6     5     2     2     2     5     6     8    12     9
    9    14    21    22     8     4     4     6    12    14    14    13
    5    10    19    26    28    29    23    18    20    23    21    15
    2     3    19    35    35    34    34    40    39    31    26    14
    3     7    13    25    32    40    45    62    62    49    38    13
    3     7    11    16    22    33    46    69    67    53    34     8
    0     0     4     8    13    25    35    48    55    54    39    10
    0     0     0     4    16    26    34    37    38    51    51    37
    0     0     3    20    27    38    40    30    12    37    40    35
    0     4    30    55    78    93    84    47     2     5     9     9
    8    42   192   220   205   145    87    35     1     0     1     1
   40   183   283   282   252   190    87    37    17     5     2     2
  230   324   271   272   186   154   121   100    70    26     6     6
  200   161    62    86    88    85    81    73    53    21     4     4
    0     0     0     0     0     0     0     0     0     0     0     0
    0     0     0     0     0     0     0     0     0     0     1     1
    0     0     0     0     0     0     0     0     0     2     3     3
    0     0     0     0     0     0     0     0     2     6     6     6
    0     1     2     2     2     0     1     1     5     6     6     5
    0     3     4     5     5     3     2     2     5     5    12    10
    0     7    10    10     9     8     6     7     7    10    15    15
    0     4     6     8    22    26    22    17    16    26    26    25
    1     2     4     6    24    29    32    32    39    35    33    28
    1     4     7     7    20    29    34    40    63    56    51    34
    1     3     5     9    14    19    25    50    74    65    54    34
    0     0     0     3     7    16    29    48    60    53    43    29
    0     0     0     0    11    24    40    51    53    53    49    46
    0     0     2     9    28    38    55    60    48    46    41    38
    0     3    13    32    93   126   114    96    62    22    10     9
    3    29   100   156   215   198   159    96    50    12     2     1
   35    94   177   236   248   222   168    89    53    30    20     7
  203   220   255   224   174   156   144   132   110    92    69    30
  196   197   164    92    86    83    81    79    72    65    51    23
    0     3     6     6     6     4     1     0     1     1     1     0
    0     0     0     0     0     0     0     0     0     0     1     1
    0     0     0     0     0     0     0     0     0     1     5     5
    0     0     0     0     0     0     0     0     1     4     6     6
    0     0     2     2     2     2     0     1     1     5     5     4
    0     0     3     4     4     6     3     4     3     5     7     5
    0     0     5     7     7     9     8    11     8     9    15    10
    0     0     4     5     8    11    17    17    15    20    27    21
    1     1     3     4     7    13    22    28    31    31    32    28
    1     1     3     6     8    15    21    32    44    66    62    43
    0     0     1     5     6    11    18    36    53    79    72    52
    0     0     0     1     3     9    23    32    50    69    68    49
    0     0     0     1     4    19    39    42    50    62    73    53
    0     0     2     7    22    32    65    76    78    82    73    37
    1     1    13    37    56   118   168   135   101    70    46     9
    3    14    43   106   167   201   203   155   102    38    14     0
   33    99   123   170   207   193   172   121    87    54    42    24
  192   201   200   191   169   144   140   156   136   112   104    80
  184   191   167   106    88    79    87   104    88    74    70    58
    0     4     7     8     7     7     6     6     6     5     3     1
    0     0     0     0     0     0     0     0     0     0     0     0
    0     0     0     0     0     0     0     0     0     1     3     3
    0     0     0     0     1     1     1     0     1     1     5     5
    0     0     0     2     2     2     1     0     1     1     5     4
    0     0     0     3     4     5     3     3     4     2     6     6
    0     0     0     3     6     8     8    11    13     8    12    11
    0     0     0     3     6    10    11    14    18    17    26    24
    1     2     3     7     6     7    11    13    17    26    36    33
    7     9     7     6     6     8     9    19    28    48    67    49
  237   188    18     3     5     7    11    26    40    53    79    64
  237   198    79    43    11     6    21    30    47    52    61    50
   77    78    67    44    12    21    32    38    62    65    82    71
    0     0     1     9    27    38    52    82   109    97    86    67
    1     2     7    24    51   101   155   165   155   112    71    41
    3     5    22    63   123   166   179   178   149    91    37    14
    9    55    94   124   149   164   164   122    87    80    64    46
   15    72   115   163   164   137   121   118   124   145   141   109
   11    51    68    83    87    81    80    80    84   104   101    75
    0     1     1     4     7     7     7     7     7     8     8     7
    0     0     0     0     0     0     0     0     0     0     0     0
    0     0     0     0     0     0     0     0     0     0     1     1
    0     0     0     0     1     1     1     0     0     0     1     1
    0     0     0     0     2     2     2     1     1     0     0     0
    0     0     0     0     2     2     4     5     6     3     5     5
    0     0     0     0     0     5    11    11    13    11    11    10
    0     0     0     3     7    10    14    16    14    14    21    18
    1     2     9    10    16    16    17    14    11    20    30    26
   14    24    31    30    31    19    14     9    21    36    46    40
  237   219   128    63    33    15    14    16    31    43    65    51
  237   232   201   144    99    56    27    29    28    41    59    47
   93   107   107   103    88    86    91    96    78    64    86    81
    5    14    15    28    68    94   110   125   131   132   131    92
  128   100    37    13    26    79   132   168   171   157   128    68
  289   236   136   105   111   147   162   177   161   123    83    42
  293   157   136   141   128   129   125   121    94    83    75    57
    8    11    40    64    82    90    97   102   104   113   118   106
    4     3     7    16    25    37    63    70    70    76    85    79
    0     0     1     1     2     3     3     5     6     8     8     7
    0     0     0     0     0     0     0     0     0     0     0     0
    0     0     0     0     0     0     0     0     0     0     1     1
    0     0     0     0     0     1     1     1     0     3     4     4
    0     0     0     0     1     2     2     3     4     6     5     5
    0     0     0     0     1     1     4     9     8     8     9     5
    0     0     0     0     0     5     7    12    13    12     9     4
    0     0     0     5    10    11    15    20    21    19    20    13
    1     3    11    14    16    21    21    20    19    22    27    22
   10    29    43    52    45    43    42    32    29    33    37    28
  142   148   128   107    78    54    47    38    40    35    37    28
  152   183   197   187   158   121    69    52    39    39    35    27
   27    67   110   133   133   139   132   128   110    87    81    62
   12    41    64    90   124   127   139   139   165   175   180   148
  155   159   164   120    81    72   103   151   193   191   173   141
  289   305   295   233   186   194   196   200   208   181   131    83
  374   267   218   201   172   179   169   164   159   140   117    85
  257   246   212   153   126   121   112   110   119   127   130   114
  253   239   140    92    83    73    74    68    71    76    79    76
    0     0     0     2     3     5     8    10    10     9     9     9
    0     0     0     0     0     0     0     0     0     0     0     0
    0     0     0     0     0     0     0     0     0     0     2     2
    0     0     0     0     0     1     1     1     1     3     4     4
    0     0     0     0     0     2     2     3     6     6     6     6
    0     0     0     0     0     1     3     9    10     9     7     4
    0     0     0     0     0     3     6    11    14    17    16    11
    0     0     0     3     5     5    12    19    21    20    23    20
    1     3     6    10    12    13    21    28    30    34    34    27
    4    16    24    42    51    50    50    55    57    55    50    36
   16    64    82    90    94    89    70    81    75    59    57    41
   23    70    98   110   113   111   102    92    79    67    49    29
    7    13    37    72    87   111   135   155   140   109    84    54
    9    40    73   102   115   118   136   162   180   197   191   153
  119   155   180   189   190   148   134   149   182   197   192   158
  160   224   275   298   281   241   209   201   187   181   167   123
  164   202   220   241   211   199   174   168   154   141   145   129
  255   254   241   213   168   124   113   115   124   128   144   135
  253   247   147   117   108    92    89    80    80    76    79    76
    0     0     0     1     3     4     9    11    10    11     9     9
    0     0     0     0     0     0     0     0     0     0     0     0
    0     0     0     0     0     0     0     1     1     1     1     1
    0     0     0     0     0     0     1     2     2     3     3     2
    0     0     0     0     0     0     2     2     4     4     5     4
    0     0     0     0     0     0     1     4     7     8     8     4
    0     0     0     0     0     2     4     4    10    16    18    13
    0     0     0     2     4     5     8    11    17    23    25    23
    1     2     5     5    13    16    18    24    38    51    56    47
    4     6    18    20    24    43    50    57    68    77    68    53
   12    15    35    50    60    81    79    98    87    83    80    56
   15    18    27    44    67    89   112   117   112   110    84    54
    5    11    17    29    48    89   115   131   140   116   101    78
   15    27    43    84   111   132   142   137   165   163   165   124
   85   127   155   166   177   198   191   162   163   143   152   117
   96   141   177   201   218   204   170   170   170   160   141   102
   42    86   122   140   149   155   135   121   116   120   126   114
   51   106   124   125   111    90    84    90    95   108   129   124
   32    61    54    49    46    44    53    60    65    66    72    70
    0     0     0     0     0     1     2     4     7     7     6     6
    0     0     0     0     0     0     0     0     0     0     0     0
    0     0     0     0     0     0     0     1     1     1     0     0
    0     0     0     0     0     0     0     2     2     3     3     3
    0     0     0     0     0     0     0     2     5     7     7     7
    0     0     0     0     0     0     0     3     7     7    11    10
    0     0     0     0     1     2     4     4     9    14    18    13
    0     0     0     2     3     4     7     8    14    22    32    26
    1     2     2     6    12    13    16    18    31    40    56    50
    2     7     8    13    19    25    36    47    64    75    79    61
    5    13    12    21    42    55    62    86    93    88    93    65
    6    14    15    19    37    57    80    94   101   112   105    75
    3    13    17    25    32    50    74    92   113   120   137   106
   29    40    47    71    92   105   119   136   151   168   179   122
   82    85    86   120   139   165   167   177   144   148   145   104
   93    90    77   110   143   154   145   149   134   132    98    66
   16    28    50    67    95   110   116    98    87    86    76    66
   16    25    40    56    59    59    49    54    53    55    52    46
   10    11    10    11    12    17    16    19    18    19    21    19
    0     0     0     0     1     1     2     1     4     5     4     2
    0     0     0     0     0     0     0     0     0     0     0     0
    0     0     0     0     0     0     0     0     1     1     1     0
    0     0     0     0     0     0     0     0     2     3     6     4
    0     0     0     0     0     0     0     0     3     6     7     6
    0     0     0     0     0     0     2     2     3     5     8     8
    0     0     0     0     1     2     3     3     5    12    19    15
    0     0     1     1     4     4     5     8    14    19    30    28
    1     2     3     2    12    12    17    20    27    40    50    42
    2     8     7     5    10    19    27    36    52    70    77    57
    3    10     7    10    11    25    47    63    73    82    89    59
    6    11    11    12    17    30    49    63    83    97    96    72
    4    12    17    24    31    36    48    83   110   113   123   112
   21    39    42    47    62    86    90   109   143   154   156   137
   36    54    54    54    77   109   131   154   168   151   149   129
   40    55    41    39    53    62    83   106   118   122   118    97
   10    21    15    20    36    50    64    68    65    71    82    73
   11    20    12    12    10    20    32    37    35    33    40    32
    5    11     7     5     2     5     7     9     8     8    13    10
    0     0     0     0     1     1     1     2     3     3     3     1
    0     0     0     0     0     0     0     0     0     0     1     1
    0     0     0     0     0     0     0     0     1     1     2     2
    0     0     0     0     0     0     0     0     2     2     6     6
    0     0     0     0     0     0     0     1     2     2     6     6
    0     0     0     0     0     0     2     2     2     1    10    10
    0     0     0     0     0     1     3     4     5     9    18    17
    0     0     1     1     1     3     5    12    11    15    29    26
    0     1     4     3     2     7    15    18    20    28    39    29
    2     6     7     6     3     9    19    30    42    52    66    59
    3     6     7     7     5     9    20    38    55    78    91    71
    5     6     6     6    10    15    25    41    57    81   105    85
    4     8    11    11    21    31    48    69    93   118   157   114
    9    14    24    37    51    56    92   103   117   131   174   130
   15    20    27    39    58    71   120   130   144   157   165   139
   17    22    20    15    26    42    72    86   104   130   140   129
   10    19    18    14    10    16    19    30    46    55    90    87
    6    14    13    10     5     7     8    14    29    33    43    35
    4     8     7     4     4     3     5     8    11    16    19    18
    0     0     0     0     0     1     1     1     2     5     4     3
    0     0     0     0     0     0     0     0     0     0     1     1
    0     0     0     0     0     0     0     0     0     1     2     2
    0     0     0     0     0     0     0     0     0     3     5     4
    0     0     0     0     0     0     0     2     2     4     5     4
    0     0     0     0     0     0     1     2     4     4    11     9
    0     0     0     0     1     1     2     6     8    11    16    13
    0     0     0     1     1     2     3    13    16    18    19    18
    0     1     2     3     3     4    12    16    20    23    28    22
    2     4     5     8     6     6    25    30    36    39    50    44
    3     5     8     8     6     8    20    36    57    89   101    74
    5     6     7     8     8     5    18    43    69    97   131   116
  172    75    14    11    12    21    33    41    93   124   168   146
  173    81    72    73    76    87    88    86   109   111   151   131
   70    80    72    75    74    83    87   108   123   138   154   134
    7    13    13    15    21    35    54    87    98   123   148   137
    7    12    17    14    10     7     8    14    23    51    98    96
    6     8    11    10     7    11    17    24    28    40    60    56
    4     5     6     5     4     6    12    17    21    31    42    40
    0     0     0     0     0     0     1     1     1     6     8     7
    0     0     0     0     0     0     0     0     0     0     1     1
    0     0     0     0     0     0     0     0     0     0     1     1
    0     0     0     0     0     0     0     0     0     2     3     2
    0     0     0     0     0     0     0     1     2     3     5     4
    0     0     0     0     0     0     0     1     7     7    10     6
    0     0     0     0     1     1     0     4     9    12    18    13
    0     0     0     3     3     5     4    13    15    21    23    17
    0     1     4    21    44    59    51    29    22    26    32    24
    2     3     6    27    49    72    84    86    79    56    55    44
    4     8    10    20    38    80   100   110   113   110   103    77
   16    32    57    63    65    57    68    95   114   136   147   128
  171   165    98    89    80    68    56    66    81   136   181   153
  172   174   150   137   109    94    72    81    81   116   148   123
   75    82    75    84    88    84    85    95   103   130   131   106
    6    11    11    15    26    40    57    75    89   119   138   123
    6     9    14    17    19    23    26    35    47    75   100    95
    5     7    12    22    29    42    47    55    60    69    80    72
    3     4     6    14    18    24    24    33    41    47    52    48
    1     1     0     0     0     0     0     0     1     6    10    10
    0     0     0     0     0     0     0     0     0     0     0     0
    0     0     0     0     0     0     0     0     0     0     2     2
    0     0     0     0     0     0     0     0     0     2     3     3
    0     0     0     0     0     0     0     0     1     4     8     8
    0     0     0     0     0     1     2     1     6    11    12    11
   18    19     1     1     2     2     3     6    10    15    22    19
   67    74    75    72    38     6     8     8    16    20    23    18
   67    74    76    78    89    88    69    26    22    22    29    25
    2     6    41    84    97   105   104   101    84    67    53    43
    4     7     9    28    54   108   132   136   133   130   102    78
   15    32    56    68    78    85   102   121   144   156   154   126
  106   106    97    92    88    85    91    92   107   126   154   123
  110   113   110   105    82    71    70    70    76    97   127   102
   16    18    38    52    61    69    82    98   115   124   122    98
   10    12    16    31    48    57    67    85   110   125   154   133
   42    47    50    51    44    43    45    61    90   110   141   122
   46    51    53    57    56    66    73    72    80    84   102    83
   10    17    20    24    26    31    37    40    43    47    54    46
    1     1     0     0     0     0     0     0     0     7    14    13
    0     0     0     0     0     0     0     0     0     7     7     6
    0     0     0     0     0     0     0     7     7     7    10     9
    0     0     0     0     4     9     9    10    15    23    32    25
    0     0     8    10    15    25    32    33    35    31    37    37
   19    41    45    42    47    51    47    43    45    48    44    37
  333   293   173   143   120    95    79    68    56    58    61    56
  333   299   266   233   180   115    88    67    58    60    60    52
  121   135   145   157   160   144   111    74    58    53    54    43
    4    11    53   106   123   127   114   106    84    83    81    72
    4     4     8    19    39    65    96   116   133   139   130   109
    8    14    21    51    70    86   121   136   152   143   167   143
   13    24    33    60    82   100   121   124   153   165   193   164
   65    73    73    87    97   108   126   130   146   147   156   136
   54    65    78    96   131   164   178   182   176   170   168   130
   32    73    91   116   142   163   175   172   175   184   221   188
  203   176   162   151   139   132   123   118   137   157   203   182
  203   183   148   114   105   101   102    89    85    92   117   100
   18    21    22    28    36    37    35    34    38    43    53    48
    1     1     1     0     0     1     1     1     2     7    14    14
    0     0     0     0     0     0     0     0     0     8    10    10
    0     0     0     0     0     0     1     9     9    10    16    16
    0     0     0     0     5    12    12    13    18    27    39    31
    0     0    10    13    18    29    36    38    40    34    45    44
   21    43    48    52    56    61    58    51    54    56    63    53
  333   315   179   155   133   115   104    89    80    78    85    79
  333   330   216   173   159   136   118   110   106   113   118   105
  118   140    97   103   115   113    97   108   116   116   115   101
    9    17    23    49    75    91   101   119   108   106   128   110
   17    37    49    57    60    72   102   137   170   177   182   135
   23    53    70    88   102   121   158   191   206   218   288   254
   67    81   110   128   146   156   165   175   186   254   369   336
  156   155   147   156   140   140   167   194   214   239   321   297
  153   125   122   153   180   212   234   259   271   302   381   325
   37    80   111   144   164   185   215   249   268   311   426   396
  202   198   163   156   155   156   152   161   193   239   337   314
  202   208   153   111   108   114   121   115   109   115   166   150
   18    20    20    19    24    31    35    38    41    50    76    72
    1     1     1     0     0     1     2     2     4     8    13    13
    0     0     0     0     0     0     0     0     1     8    19    18
    0     0     0     0     0     0     2     5    11    17    31    30
    0     0     0     0     1     5     7    10    23    30    46    41
    0     0     2     5     6    10    15    21    40    44    62    58
    2     9    13    15    15    20    26    35    49    65    91    80
   51    55    38    38    44    48    54    64    77    98   114   104
   66    75    72    62    69    79    92   107   112   137   168   156
   43    69    96   102   123   126   114   127   161   190   204   175
   98   110   131   150   165   178   202   202   215   223   274   243
  231   193   189   195   198   212   220   254   353   433   494   379
  238   147   127   141   153   170   230   334   437   565   693   624
   73    97   146   160   187   219   245   292   374   588   783   730
  194   190   204   194   175   168   204   262   357   501   695   648
  196   156   159   181   236   292   342   387   480   581   700   600
   15    48   113   167   212   270   304   368   462   567   668   620
  121   140   151   149   143   147   148   196   266   392   479   444
  124   138   135   122   116   106   102   100   120   150   215   188
   11    23    27    25    24    21    18    26    59    82   113   102
    0     1     1     0     0     0     2     2     5    11    19    19
    0     0     0     0     0     0     0     0     1    13    44    44
    0     0     0     0     0     0     1    12    30    40    72    72
    0     0     0     0     0    11    17    34    51    83   121   109
    0     0     1     8    16    25    40    70   102   129   159   153
    0     7    17    27    36    53    89   108   140   179   230   208
   56    75    76    75    88   102   156   188   221   269   307   283
  130   204   233   212   174   183   245   290   306   332   395   355
  107   179   223   261   284   299   348   392   423   450   505   422
  113   171   215   273   341   395   544   646   646   637   690   625
  231   255   249   287   398   497   624   760   896  1019  1063   875
  266   254   268   265   320   391   558   814  1004  1127  1207  1060
  141   219   264   288   356   427   528   691   895  1097  1215  1077
  390   418   433   401   369   376   466   618   756   863   981   868
  382   378   356   364   414   474   580   667   756   808   847   696
   55   167   256   326   367   412   489   582   652   683   735   638
  265   267   234   201   169   171   175   248   341   433   492   435
  262   267   209   134    99    85   101   120   139   160   186   161
   15    30    29    22    16    18    44    71    94   102   104    92
    0     1     1     0     0     0     4     5     6    11    20    18
    0     0     0     0     0     0     0     0     0    16    69    68
    0     0     0     0     0     0     0    18    60    82   127   126
    0     0     0     0     1    14    51    81   111   141   201   187
    0     0     1    15    36    53    91   154   212   245   284   265
    0    22    41    58    84   128   182   241   274   325   426   387
  363   172   160   179   223   272   323   376   406   473   558   499
  509   551   523   428   415   442   492   555   570   606   742   667
  429   488   539   573   631   671   659   694   737   793   959   838
  292   419   527   555   662   800   942  1075  1048  1034  1163  1037
  348   388   374   434   630   855  1060  1216  1293  1346  1407  1185
  342   404   433   468   552   808  1133  1308  1368  1368  1481  1226
  483   545   540   567   697   916  1085  1166  1224  1284  1399  1140
  837   847   766   687   695   788   861   930   973  1010  1071   859
  828   801   681   633   677   745   810   826   829   804   818   646
  111   273   360   418   479   535   610   661   680   677   719   580
  256   235   169   139   128   148   205   311   376   416   481   386
  255   235   134    60    83   115   124   145   158   169   164   118
   14    17    17    18    50    80    89    98   107   115    95    72
    0     1     1     0     0     1     3     5     6    19    34    32
    0     0     0     0     0     0     0     0     2    13    89    89
    0     0     0     0     0     3     6    16    62   101   202   198
    0     0     1    12    21    32    82   100   130   197   313   290
    0     0     5    59   116   140   164   205   273   346   412   363
    0    51   120   189   211   265   311   356   374   441   563   504
  391   250   334   365   419   480   495   547   576   677   757   663
  835   856   906   715   686   713   755   788   798   873  1002   900
  808   864   922   951  1018  1006   985   993  1000  1089  1265  1132
  421   659   780   900  1040  1174  1277  1304  1247  1351  1509  1343
  466   518   545   846  1167  1330  1390  1415  1371  1478  1603  1368
  358   507   690   959  1126  1275  1399  1431  1403  1414  1519  1285
  484   661   844   998  1168  1245  1283  1274  1223  1257  1298  1073
 1046  1083   986   924   934  1029  1054  1042   967   951   950   749
 1053  1069   995   945   904   948   945   876   744   655   643   526
  227   328   425   545   612   671   679   657   614   662   649   538
   36    48    83   131   202   276   315   358   362   431   478   417
   35    60   122   135   165   172   164   164   139   131   164   132
    7    31    89    98    99    96    99    99    80    60    70    59
    0     1     1     0     2     3     4     5     7    18    31    28
    0     0     0     0     0     0     0     0     2    25   127   126
    0     0     0     0     0     3     6    13    68   139   275   270
    0     4    12    21    26    32    75   110   184   284   429   401
  224   211   118   102   148   169   204   247   332   458   557   482
  225   244   292   315   317   354   393   432   499   634   747   616
  300   382   412   471   549   643   621   659   698   894   999   829
 1273  1262  1110   953   918   970   928   900   958  1129  1273  1106
 1301  1276  1205  1323  1369  1329  1220  1146  1227  1344  1527  1284
  533   803  1069  1307  1469  1514  1402  1331  1446  1549  1710  1471
  744   903  1050  1297  1501  1522  1477  1424  1520  1656  1843  1516
  823  1086  1216  1336  1408  1441  1420  1349  1435  1552  1710  1427
  834  1056  1153  1302  1408  1443  1333  1149  1176  1292  1389  1123
 1563  1350  1090  1110  1139  1103  1008   936   930   915   899   661
 1455  1430  1243  1164  1107   996   852   695   631   570   543   433
  398   529   617   726   748   714   635   594   622   593   557   423
  143   212   254   291   313   329   337   362   439   468   439   347
  268   294   293   268   250   188   147   113   161   225   207   135
  224   230   140   113   104    95    73    42    68    90   109    62
    0     1     1     1     4     5     5     8    11    42    39     0
    0     0     0     0     0     0     0     0     1    34   109   109
    0     0     0     0     0     0     1    11    73   165   230   220
    0     6    13    22    24    16    55   133   235   332   386   314
  297   238   127   107   139   134   172   271   393   488   501   368
  298   290   338   318   318   309   355   484   605   651   624   441
  374   483   550   579   568   587   587   765   869   916   818   576
 1720  1699  1371  1214  1068   963   926  1048  1138  1150  1002   745
 2083  2104  1820  1699  1555  1342  1339  1431  1478  1388  1190   810
 1351  1676  1767  1730  1697  1550  1565  1634  1645  1576  1345   890
 1581  1753  1703  1717  1708  1484  1499  1590  1721  1695  1502   938
 1620  1785  1704  1666  1610  1372  1329  1460  1653  1606  1372   875
 1124  1394  1460  1496  1406  1308  1202  1273  1338  1334  1121   704
 1565  1510  1394  1275  1142  1070   993  1052  1051   970   721   413
 1705  1707  1502  1293  1138   990   893   811   713   637   408   251
 1149   693   736   774   742   681   674   719   694   619   380   195
  234   298   317   346   357   356   431   478   519   497   327   172
  397   387   346   291   199   124   132   200   221   206   169   100
  393   316   160   108    43    36    61   128   151   116    97    58
    0     2     2     4     5     5    16    51    59    67    38     0
    0     0     0     0     0     0     0     0     4    64    83    37
    0     0     0     0     0     2     5    30   120   162   172    91
    0     2     2     3     8    22    70   180   236   273   248   120
  297    45    11    13    63   151   228   310   339   363   270   143
  302    90   104   121   222   364   483   536   540   450   392   170
  230   324   375   452   615   780   792   788   784   648   540   236
 1685  1561  1199  1174  1258  1298  1291  1139   959   808   612   300
 2252  2178  1854  1768  1771  1720  1759  1716  1322   973   654   306
 1852  1937  1930  1900  1828  1911  1992  1925  1462  1054   674   326
 2167  2195  1969  1855  1727  1679  1782  1758  1554  1112   743   363
 2060  1953  1713  1552  1420  1539  1709  1666  1505  1124   686   313
 1358  1331  1299  1415  1459  1567  1606  1523  1243   947   592   278
 1348  1490  1329  1302  1315  1347  1288  1289  1115   817   460   217
 1750  1796  1504  1306  1251  1181  1093  1042   852   632   293   155
 1566   875   750   686   727   710   776   832   753   576   142    58
  172   226   189   211   307   388   513   579   548   431   145    21
  400   300   112    90    93   136   226   245   226   175    97     6
  393   217    37    26    29    61   134   151   172   110    19     1
    0     3     4     7     9    13    56    88   100    53     1     0
    0     0     0     0     0     0     0     0     3    48    48     2
    0     0     0     0     1     3     7    30    90    91    82     5
    0     0     1    11    19    26    59   137   152   132    89     3
    6    18    41    53    84   143   189   241   210   139    23     3
   27   162   205   270   332   435   525   504   382   173    75     6
  146   473   615   737   857   940   963   862   538   227    99    11
 1484  1341  1198  1285  1398  1420  1369  1103   635   294    76     9
 2136  1786  1690  1762  1850  1776  1667  1421   830   334    80     5
 2080  1660  1644  1696  1699  1870  1843  1572   873   327    80     4
 1831  1832  1606  1699  1744  1739  1609  1346   880   317    68     7
 1301  1417  1379  1562  1596  1646  1490  1196   860   348    64     5
  894  1174  1329  1576  1586  1642  1457  1150   805   372   142    29
 1314  1290  1464  1421  1276  1304  1229  1041   753   376   196    53
 1473  1639  1636  1414  1231  1163  1005   804   600   313   147    53
 1310  1149   893   737   709   762   729   622   475   247    31     0
  102   146   167   232   357   445   461   461   300   148    53     0
   47    70    70    80   167   235   240   223   167    76    43     0
   22    27    25    28    65    97   126   120   105    29     0     0
    1     4     6     7    12    18    45    66    65    27     0     0
    0     0     0     0     0     0     0     0     0     0     0     0
    0     0     0     1    14    14     2     6    10     8     0     0
    0     0     2    22    26    27    21    24    23    13     0     0
    5    22    53    63    85   112    95    68    34    10     0     0
  387   358   245   290   334   381   319   168    33     4     0     0
  457   559   635   685   740   795   653   371    43     2     0     0
 1416  1214  1076  1114  1191  1102   863   432    61     5     0     0
 1531  1663  1577  1541  1455  1145   860   361    78     9     0     0
 1513  1428  1390  1406  1289  1052   852   441   101    10     0     0
 1005  1384  1374  1437  1316  1036   781   442   106    10     0     0
  919  1254  1196  1268  1215  1047   822   403   116     6     0     0
 1126  1248  1097  1219  1200  1070   859   434   125     3     0     0
 1476  1340  1141  1141  1069   908   707   387   157    18     0     0
 1485  1443  1228  1236  1122   859   574   303   157    20     0     0
 1388  1149   831   836   741   635   407   235   104    16     0     0
  112   151   191   403   448   413   261   169    44    10     0     0
   37    71   118   199   203   224   181   131    31    15     0     0
    6    21    44    72    69   101    78    48    18    16     0     0
    1     4    16    24    15    18     8    12    14    14     0     0
    0     0     0     0     0     0     0     0     0     0     0     0
    0     0     0     1    14    14     0     0     0     0     0     0
    0     0     1    27    30    14     0     0     0     0     0     0
    3    14    31    31    34    18     4     2     0     0     0     0
  384   352   243   128   143    98    20     6     0     0     0     0
  426   516   532   312   245   175    48    10     0     0     0     0
 1565  1038   828   586   388   254   113     8     0     0     0     0
 1481  1374  1159   751   440   241   124    16     0     0     0     0
  769   933   977   720   490   272   127    20     0     0     0     0
  566   773   922   826   683   420   147    19     0     0     0     0
  591   783   932   887   789   426   173    16     2     0     0     0
  665   857   915   861   673   347   201    41     2     0     0     0
  750   986   954   814   515   330   227    50     1     0     0     0
 1098  1008   952   805   566   447   318    36     0     0     0     0
 1046   950   878   658   468   407   243    20     0     0     0     0
   87   418   438   388   367   271    93     2     0     0     0     0
   26   254   286   229   178   145    37     3     0     0     0     0
    3    73    83    83    59    72    16     1     0     0     0     0
    0    13    25    28    14    14     0     0     0     0     0     0
    0     0     0     0     0     0     0     0     0     0     0     0
    0     0     0     0     0     0     0     0     0     0     0     0
    0     0     0    16    16     0     0     0     0     0     0     0
    2    11    18    18    17     0     0     0     0     0     0     0
   19    32    46    40    42    12     0     0     0     0     0     0
   54    82   126   121    88    55     7     0     0     0     0     0
  483   359   267   196   107    59     7     0     0     0     0     0
  599   714   411   258    99    36     0     0     0     0     0     0
  593   767   552   361   147    46     0     0     0     0     0     0
  572   722   668   358   238    85     0     0     0     0     0     0
  429   538   552   295   229    67     8     0     0     0     0     0
  607   356   391   300   201    21     9     0     0     0     0     0
  663   395   459   365   241    38    15     0     0     0     0     0
  356   526   489   400   284    74    48     0     0     0     0     0
  473   548   514   455   307    53    34     0     0     0     0     0
  420   505   473   354   261     4     0     0     0     0     0     0
  416   433   311   195   113     3     0     0     0     0     0     0
  103   103   107    68    25     0     0     0     0     0     0     0
    0    12    31    25     1     0     0     0     0     0     0     0
    0     0     0     0     0     0     0     0     0     0     0     0
    0     0     0     0     0     0     0     0     0     0     0     0
    0     0     0     0     0     0     0     0     0     0     0     0
    2    20    20     0     0     0     0     0     0     0     0     0
   13    28    29     3    11    11     0     0     0     0     0     0
   20    43    68    32    11    11     0     0     0     0     0     0
   32   112   155    81    16     4     0     0     0     0     0     0
  101   236   287   183    12     0     0     0     0     0     0     0
  289   448   402   240     0     0     0     0     0     0     0     0
  301   445   361   191     0     0     0     0     0     0     0     0
  147   248   233    91     0     0     0     0     0     0     0     0
  116   240   223    83     8     0     0     0     0     0     0     0
  172   287   249    68     8     0     0     0     0     0     0     0
  293   395   307    62     4     0     0     0     0     0     0     0
  436   460   378    84    27     0     0     0     0     0     0     0
  416   502   441    54    27     0     0     0     0     0     0     0
  417   422   271    15     0     0     0     0     0     0     0     0
  103    78    83    20     0     0     0     0     0     0     0     0
    0     1    19    19     0     0     0     0     0     0     0     0
    0     0     0     0     0     0     0     0     0     0     0     0
    0     0     0     0     0     0     0     0     0     0     0     0
    0     0     0     0     0     0     0     0     0     0     0     0
    1    20    20     0     0     0     0     0     0     0     0     0
    4    20    20     0     0     0     0     0     0     0     0     0
    4    23    23     0     0     0     0     0     0     0     0     0
    8    42    61    31    12     0     0     0     0     0     0     0
   49    99    72    53    12     0     0     0     0     0     0     0
  244   301    95    41     0     0     0     0     0     0     0     0
  247   303    78     8     0     0     0     0     0     0     0     0
   51    95    61     5     0     0     0     0     0     0     0     0
   23    87    83    29     0     0     0     0     0     0     0     0
   25    84    80    36     0     0     0     0     0     0     0     0
   34    58    56    33     0     0     0     0     0     0     0     0
   44    73    67    39    15     0     0     0     0     0     0     0
   46    80    50    15    15     0     0     0     0     0     0     0
   38    70    35     0     0     0     0     0     0     0     0     0
    2     1    19    19     0     0     0     0     0     0     0     0
    0     1    19    19     0     0     0     0     0     0     0     0
    0     0     0     0     0     0     0     0     0     0     0     0
    0     0     0     0     0     0     0     0     0     0     0     0
    0     0     0     0     0     0     0     0     0     0     0     0
    0     0     0     0     0     0     0     0     0     0     0     0
    0     0     0     0     0     0     0     0     0     0     0     0
    0     0     0     0     0     0     0     0     0     0     0     0
    0     0     0     0     0     0     0     0     0     0     0     0
    0    21    22    22     0     0     0     0     0     0     0     0
    0    21    22    22     0     0     0     0     0     0     0     0
    0     5     5     0     0     0     0     0     0     0     0     0
    3     5     2     0     0     0     0     0     0     0     0     0
    3    15    12     0     0     0     0     0     0     0     0     0
    4    16    12     0     0     0     0     0     0     0     0     0
    8    11     4     0     0     0     0     0     0     0     0     0
   26    44    19     0     0     0     0     0     0     0     0     0
   40    74    34     0     0     0     0     0     0     0     0     0
   34    68    34     0     0     0     0     0     0     0     0     0
    0     0     0     0     0     0     0     0     0     0     0     0
    0     0     0     0     0     0     0     0     0     0     0     0
