    0     0     0     0     0     0     0     0     0     0     0     0
    0     0     0     0     0     0     0     0     0     0     0     0
    0     0     0     0     0     0     0     0     0     0     0     0
    0     0     0     0     0     0     0     0     0     0     0     0
    0     0     0     0     0     0     0     0     0     0     0     0
    0     0     0     0     0     0     0     0     0     0     0     0
    0     0     0     0     0     0     0     0     0     0     0     0
    0     0     0     0     0     0     0     0     0     0     0     0
  153     0     0     0     0     0     0     0     0     0     0     0
  153     0     0     0     0     0     0     0     0     0     0     0
    0     0     0     0     0     0     0     0     0     0     0     0
    0     0     0     0     0     0     0     0     0     0     0     0
    0     0     0     0     0     0     0     0     0     0     0     0
    0     0     0     0     0     0     0     0     0     0     0     0
    0     0     0     0     0     0     0     0     0     0     0     0
    0     0     0     0     0     0     0     0     0     0     0     0
    0     0     0     0     0     0     0     0     0     0     0     0
    0     0     0     0     0     0     0     0     0     0     0     0
    0     0     0     0     0     0     0     0     0     0     0     0
    0     0     0     0     0     0     0     0     0     0     0     0
    0     0     0     0     0     0     0     0     0     0     0     0
    0     0     0     0     0     0     0     0     0     0     0     0
    0     0     0     0     0     0     0     0     0     0     0     0
    0     0     0     0     0     0     0     0     0     0     0     0
    0     0     0     0     0     0     0     0     0     0     0     0
    0     1     1     0     0     0     0     0     0     0     0     0
   26    27    23     0     0     0     0     0     0     0     0     0
  153   152    95     0     0     0     0     0     0     0     0     0
  153   144    73     0     0     0     0     0     0     0     0     0
    0     8     8     0     0     0     0     0     0     0     0     0
    0     0     0     0     0     0     0     0     0     0     0     0
    0     0     0     0     0     0     0     0     0     0     0     0
    0     0     0     0     0     0     0     0     0     0     0     0
    0     0     0     0     0     0     0     0     0     0     0     0
    0     0     0     0     0     0     0     0     0     0     0     0
    0     0     0     0     0     0     0     0     0     0     0     0
    0     0     0     0     0     0     0     0     0     0     0     0
    0     0     0     0     0     0     0     0     0     0     0     0
    0     0     0     0     0     0     0     0     0     0     0     0
    0     0     0     0     0     0     0     0     0     0     0     0
    0     0     0     0     0     0     0     0     0     0     0     0
    0     0     0     0     0     0     0     0     0     0     0     0
    0     0     0     0     0     0     0     0     0     0     0     0
    0     0     0     1     1     0     0     0     0     0     0     0
    0     6     8     8     3     0     0     0     0     0     0     0
   30    39    40    37     7     0     0     0     0     0     0     0
  153   152   142    91     6     0     0     0     0     0     0     0
  153   144   116    95    27     0     0     0     0     0     0     0
    2    32    42    42    25     0     0     0     0     0     0     0
    0     0     0     0     0     0     0     0     0     0     0     0
    0     0     0     0     0     0     0     0     0     0     0     0
    0     0     0     0     0     0     0     0     0     0     0     0
    0     0     0     0     0     0     0     0     0     0     0     0
    0     0     0     0     0     0     0     0     0     0     0     0
    0     0     0     0     0     0     0     0     0     0     0     0
    0     0     0     0     0     0     0     0     0     0     0     0
    0     0     0     0     0     0     0     0     0     0     0     0
    0     0     0     0     0     0     0     0     0     0     0     0
    0     0     0     0     0     0     0     0     0     0     0     0
    0     0     0     0     0     0     0     0     0     0     0     0
    0     0     0     0     0     0     0     0     0     0     0     0
    0     0     0     0     0     1     1     0     0     0     0     0
    0     0     0     4     4     4     1     0     0     0     0     0
    0     6     9    12    17    13     1     0     0     0     0     0
   32    40    48    48    44    24     1     0     0     0     0     0
   82   144   141   104    77    27     1     0     0     0     0     0
   54   126   121   104    88    45    10     0     0     0     0     0
    2    33    45    44    44    38    12     0     0     0     0     0
    0     0     0     0     7    10     5     0     0     0     0     0
    0     0     0     0     0     0     0     0     0     0     0     0
    0     0     0     0     0     0     0     0     0     0     0     0
    0     0     0     0     0     0     0     0     0     0     0     0
    0     0     0     0     0     0     0     0     0     0     0     0
    0     0     0     0     0     0     0     0     0     0     0     0
    0     0     0     0     0     0     0     0     0     0     0     0
    0     0     0     0     0     0     0     0     0     0     0     0
    0     0     0     0     0     0     0     0     0     0     0     0
    0     0     0     0     0     0     0     0     0     0     0     0
    0     0     0     0     0     0     0     0     0     0     0     0
    0     0     0     0     0     0     1     1     0     0     0     0
    0     0     0     0     1     4     4     2     0     0     0     0
    0     0     0     5     8     9     7     3     0     0     0     0
    0     1     7    13    20    20    17     5     0     0     0     0
   28    32    55    51    46    41    34     7     0     0     0     0
   33    48   110    96    87    72    30     3     0     0     0     0
    9    30    92   106    96    84    46     5     0     0     0     0
    2     4    21    48    51    51    46    26     5     0     0     0
    0     0     2     2     9    26    31    26     5     0     0     0
    0     0     0     0     0     0     0     2     2     0     0     0
    0     0     0     0     0     0     0     0     0     0     0     0
    0     0     0     0     0     0     0     0     0     0     0     0
    0     0     0     0     0     0     0     0     0     0     0     0
    0     0     0     0     0     0     0     0     0     0     0     0
    0     0     0     0     0     0     0     0     0     0     0     0
    0     0     0     0     0     0     0     0     0     0     0     0
    0     0     0     0     0     0     0     0     0     0     0     0
    0     0     0     0     0     0     0     0     0     0     0     0
    0     0     0     0     0     0     0     0     1     1     0     0
    0     0     0     0     0     0     3     3     3     1     0     0
   24     0     0     0     1     6     6     6     4     1     0     0
   24     0     0     1     7     9    11    13     6     0     0     0
    1     2     4     8    20    20    22    18    14     0     0     0
   26    30    31    33    46    43    38    35    20     1     0     0
   48    57    48    85    92    78    56    38    10     1     0     0
   26    45    34    70    90    83    71    31     4     0     0     0
    4     9     8    12    45    53    53    49    31    10     1     0
    0     0     2     2     9    33    40    39    30    14     3     0
    0     0     0     0     0     0     2     7    10     7     2     0
    0     0     0     0     0     0     0     0     0     0     0     0
    5     5     1     0     0     0     0     0     0     0     0     0
  288   259     3     0     0     0     0     0     0     0     0     0
  402   363     9     0     0     0     0     0     0     0     0     0
  402   110     7     0     0     0     0     0     0     0     0     0
    0     0     0     0     0     0     0     0     0     0     0     0
    0     0     0     0     0     0     0     0     0     0     0     0
    0     0     0     0     0     0     0     0     0     1     1     0
    0     0     0     0     0     0     0     1     3     3     1     0
    0     0     0     0     0     0     3     4     4     4     1     0
   24    20     2     0     0     4     8     8    10     5     2     0
   24    24    14     8     2     6    10    16    15    10     4     0
   16    19    18    16    10    14    22    19    18    15     2     0
   11    22    29    29    24    36    40    37    33    14     1     1
   32    49    50    51    66    78    66    54    38    12     1     1
   24    38    39    38    58    76    69    47    31     6     0     0
    4     7    13    15    24    42    61    57    49    30     7     0
    0     0     2     3     3    12    37    43    41    36    23     6
    0     0     0     2     2     0     2     9    19    23    20     6
    0     5    14    13     4     0     0     0     0     2     4     2
   25    66    83    73     5     0     0     0     0     0     0     0
  295   302   273   127     6     2     1     0     0     0     0     0
  402   396   338   160    42     6     1     0     0     0     0     0
  402   116    99    83    37     4     0     0     0     0     0     0
    0     0     0     0     0     0     0     0     0     0     0     0
    0     0     0     0     0     0     0     0     0     0     1     1
    0     0     0     0     0     0     0     0     0     2     3     2
    0     0     0     0     0     0     0     1     4     4     4     2
    0     0     0     0     0     0     0     5     7     7     4     1
   23    20     7     2     1     1     5     7     9     9     4     4
   24    24    23    17     5     2     5    14    16    13    11     5
   17    20    25    25    28    24    15    23    22    22    16     4
    2    12    32    37    38    34    28    36    35    28    14     5
   17    21    32    42    47    57    58    56    47    38    13     3
   18    21    26    33    39    51    63    62    49    33     7     0
    2     6     8    15    24    28    41    55    58    46    18     2
    0     0     0     4     8    11    22    37    45    45    39    23
    0     0     1    17    22    19     4     7    22    34    34    26
    0     7    25    38    45    40     2     0     0     4     8     8
   27    86   161   157   120    68     1     0     0     0     0     0
  293   305   301   270   172    82    14     2     2     1     1     0
  388   393   363   285   160   108    69    16     6     1     1     0
  107   110   102    88    83    78    57    14     4     0     0     0
    0     0     0     0     0     0     0     0     0     0     0     0
    0     0     0     0     0     0     0     0     0     0     2     2
    0     0     0     0     0     0     0     0     0     3     4     4
    0     0     0     0     0     0     0     0     4     6     6     4
    0     1     1     1     0     0     1     3     8     7     8     2
    6     7     6     5     2     2     2     5     6     8    12     9
    9    14    21    22     8     5     5     6    12    14    14    13
    5    10    20    27    29    30    24    18    20    23    21    15
    2     3    20    37    37    36    36    40    39    31    26    14
    3     7    15    27    33    41    45    60    59    46    36    12
    3     7    13    18    24    34    44    65    61    48    31     7
    0     0     5     9    14    26    34    46    52    51    37     9
    0     0     0     4    16    26    34    36    37    49    49    36
    0     0     3    20    27    38    40    30    11    36    39    34
    0     4    30    55    78    93    84    47     1     4     8     8
    8    42   191   219   203   143    87    35     1     0     0     0
   41   182   284   283   252   190    89    38    17     5     2     2
  230   320   269   271   186   154   121    99    70    26     6     6
  199   158    59    84    86    83    79    71    53    21     4     4
    0     0     0     0     0     0     0     0     0     0     0     0
    0     0     0     0     0     0     0     0     0     0     1     1
    0     0     0     0     0     0     0     0     0     2     3     3
    0     0     0     0     0     0     0     0     2     6     6     6
    0     1     2     2     2     0     1     1     5     6     6     5
    0     3     4     5     5     3     2     2     5     5    12    10
    0     7    10    10     9     9     7     8     8    10    15    15
    0     4     6     9    23    27    23    18    17    26    26    25
    1     2     4     8    26    31    34    33    39    35    33    28
    1     4     7     8    21    30    35    40    61    53    48    32
    1     3     5    10    16    20    26    49    70    60    49    32
    0     0     0     3     8    17    30    48    58    51    40    27
    0     0     0     0    11    24    41    52    53    52    47    44
    0     0     2     9    28    38    55    60    48    46    40    37
    0     3    13    33    93   124   112    96    62    22     9     8
    3    30   100   155   214   196   157    96    50    12     1     0
   35    90   172   232   249   222   169    90    54    31    20     7
  202   218   253   223   177   156   144   132   110    92    69    30
  195   195   162    94    87    81    79    77    70    64    51    23
    0     3     6     6     6     4     1     0     1     1     1     0
    0     0     0     0     0     0     0     0     0     0     1     1
    0     0     0     0     0     0     0     0     0     1     5     5
    0     0     0     0     0     0     0     0     1     4     6     6
    0     0     2     2     2     2     0     1     1     5     5     4
    0     0     3     4     4     6     3     5     4     6     7     5
    0     0     5     7     7    10     9    12     9    10    15    10
    0     0     4     5     8    12    18    18    16    20    27    21
    1     1     3     4     7    14    23    29    32    32    32    28
    1     1     3     6     8    16    22    33    44    65    59    40
    0     0     1     5     6    11    19    37    51    76    68    48
    0     0     0     1     3     9    24    33    50    68    66    46
    0     0     0     1     4    19    40    43    51    62    72    51
    0     0     2     7    22    32    65    76    78    82    73    37
    1     1    13    38    56   117   166   133   100    70    46     9
    3    14    44   106   164   198   200   153   101    38    14     0
   33    95   120   167   201   190   172   122    88    55    43    25
  191   200   198   189   166   146   143   158   137   112   104    80
  183   190   165   108    90    81    88   104    87    73    69    57
    0     4     7     8     7     8     7     6     6     5     3     1
    0     0     0     0     0     0     0     0     0     0     0     0
    0     0     0     0     0     0     0     0     0     1     3     3
    0     0     0     0     1     1     1     0     1     1     5     5
    0     0     0     2     2     2     1     0     1     2     6     4
    0     0     0     3     4     5     3     4     5     3     7     6
    0     0     0     3     6     8     8    12    14     9    13    11
    0     0     0     3     6    10    11    15    19    17    26    24
    1     2     3     7     6     7    12    14    18    27    37    33
    9    11     8     6     6     8    10    20    29    48    66    47
  232   185    17     3     5     7    11    26    40    51    76    61
  232   194    73    43    11     6    21    30    48    52    60    49
   73    74    63    44    12    21    32    38    63    66    82    71
    0     0     1     9    27    39    53    81   107    96    86    67
    1     2     7    25    52   100   153   162   152   111    71    41
    3     5    22    62   119   160   173   174   146    90    37    14
    9    54    90   120   145   160   159   120    88    81    65    47
   16    72   110   161   162   137   123   119   126   147   143   110
   12    53    68    85    89    83    82    82    86   106   102    75
    0     1     1     4     7     8     8     8     8     9     8     7
    0     0     0     0     0     0     0     0     0     0     0     0
    0     0     0     0     0     0     0     0     0     0     1     1
    0     0     0     0     1     1     1     0     0     0     1     1
    0     0     0     0     2     2     2     1     1     1     1     1
    0     0     0     0     2     2     4     5     7     4     6     6
    0     0     0     0     0     5    11    11    14    12    12    10
    0     0     0     4     8    11    14    16    14    14    22    19
    1     4    11    12    18    17    17    14    12    21    31    27
   16    26    33    32    32    18    14     9    22    37    46    40
  232   215   128    63    32    14    14    16    31    43    63    49
  232   227   195   139    94    51    26    29    28    42    59    47
   89   101   101    98    84    82    86    92    78    65    87    82
    5    14    15    28    64    91   107   121   128   129   128    92
  133   104    38    14    27    80   128   163   166   154   125    68
  299   245   140   106   110   144   158   170   155   121    83    42
  303   163   140   140   126   125   121   116    93    83    76    58
    9    12    41    62    79    88    97   103   105   114   119   108
    5     4     7    16    24    37    64    72    72    78    86    81
    0     0     1     1     2     4     4     6     7     9     9     8
    0     0     0     0     0     0     0     0     0     0     0     0
    0     0     0     0     0     0     0     0     0     0     1     1
    0     0     0     0     0     1     1     1     0     3     4     4
    0     0     0     0     1     2     2     3     4     7     6     6
    0     0     0     0     1     1     5    10     9    10    10     6
    0     0     0     0     0     7     9    13    14    13     9     4
    0     0     0     7    12    13    17    21    21    19    21    14
    1     5    13    16    18    23    23    20    19    23    28    23
   11    29    43    53    46    42    41    31    28    34    38    29
  142   147   126   106    78    53    46    37    39    35    37    28
  151   176   189   181   153   116    69    51    38    38    35    27
   27    61   104   128   128   135   128   126   108    83    79    60
   12    41    63    90   120   126   138   137   160   168   172   141
  160   164   168   123    81    72   102   146   184   180   164   135
  299   315   302   239   191   194   196   197   205   177   131    84
  382   270   220   204   176   181   169   162   160   141   119    87
  255   245   209   151   127   122   110   108   118   127   132   116
  251   237   138    91    82    72    72    66    71    77    81    78
    0     0     0     2     3     5     8    10    11    10    10    10
    0     0     0     0     0     0     0     0     0     0     0     0
    0     0     0     0     0     0     0     0     0     0     2     2
    0     0     0     0     0     1     1     1     1     4     5     5
    0     0     0     0     0     2     2     3     7     7     7     7
    0     0     0     0     0     1     5    11    12    10     8     4
    0     0     0     0     0     5     8    13    16    18    16    11
    0     0     0     4     7     7    14    21    21    20    23    20
    1     3     6    11    14    15    23    28    30    34    34    27
    4    14    22    41    50    49    49    54    56    54    49    35
   15    63    82    89    93    88    69    80    74    58    56    40
   22    68    96   109   114   111   102    91    77    65    47    28
    7    12    35    71    87   110   130   152   136   105    80    51
    9    40    72   102   117   120   133   159   174   188   181   144
  123   159   184   192   192   149   133   146   176   188   182   149
  166   232   281   304   287   247   211   201   188   182   168   124
  165   204   222   244   213   203   180   172   158   144   147   130
  253   253   240   211   167   123   113   115   124   125   142   133
  251   245   146   116   107    92    89    80    80    74    77    74
    0     0     0     1     3     4     9    11    10    11     9     9
    0     0     0     0     0     0     0     0     0     0     0     0
    0     0     0     0     0     0     0     1     1     1     1     1
    0     0     0     0     0     0     1     2     2     5     5     3
    0     0     0     0     0     0     2     2     6     6     7     5
    0     0     0     0     0     0     2     5     9    10    10     4
    0     0     0     0     0     3     5     5    12    18    18    13
    0     0     0     2     4     6     9    12    17    23    25    23
    1     2     5     5    13    16    18    24    38    51    55    46
    4     5    16    18    22    41    50    56    67    76    67    52
   13    15    34    48    58    79    79    97    86    81    78    54
   16    19    28    44    67    89   112   117   110   107    81    51
    5    12    18    29    47    88   114   132   140   116    96    73
   17    30    46    84   112   133   142   139   163   160   157   117
   95   136   163   170   179   199   192   164   161   141   148   112
  106   149   183   206   222   209   172   173   172   162   146   107
   43    86   122   140   151   160   139   125   120   123   130   118
   53   107   125   125   112    90    83    90    95   107   128   123
   34    63    55    49    46    45    53    60    65    66    72    69
    0     0     0     0     0     1     2     4     8     8     7     6
    0     0     0     0     0     0     0     0     0     0     0     0
    0     0     0     0     0     0     0     1     1     1     1     1
    0     0     0     0     0     0     0     2     2     4     5     5
    0     0     0     0     0     0     0     2     6     8     9     9
    0     0     0     0     0     0     0     4     8     8    12    10
    0     0     0     0     1     2     4     5    10    15    18    13
    0     0     0     2     3     4     7     8    14    22    32    26
    1     2     2     6    10    11    14    18    31    40    55    49
    2     7     7    11    17    23    34    47    64    75    78    60
    5    14    12    20    40    54    63    87    93    87    91    63
    6    15    16    21    38    58    81    95   102   111   105    74
    3    14    18    26    33    51    75    92   116   121   136   105
   32    46    53    75    95   108   122   138   153   171   177   121
   92    95    95   127   146   172   172   179   148   151   144   104
  103    99    83   114   148   158   147   148   136   134   101    69
   16    28    51    68    95   111   117    98    88    87    77    68
   16    26    42    57    59    58    48    55    54    56    52    46
   10    12    11    11    12    17    16    20    19    20    22    20
    0     0     0     0     1     1     2     1     5     6     5     3
    0     0     0     0     0     0     0     0     0     0     0     0
    0     0     0     0     0     0     0     0     1     1     2     1
    0     0     0     0     0     0     0     0     2     4     7     5
    0     0     0     0     0     0     0     0     3     7     8     7
    0     0     0     0     0     0     2     2     3     5     8     8
    0     0     0     0     1     2     3     3     5    12    19    15
    0     0     1     1     4     4     5     8    14    19    30    28
    1     2     3     2    10    10    15    18    27    41    51    43
    2     8     7     5     8    17    25    35    53    71    78    58
    3    11     8    11     9    24    48    64    74    83    90    59
    6    12    12    14    18    31    50    64    86    99    98    74
    4    12    19    26    33    38    51    84   115   118   127   116
   22    44    48    53    67    90    97   112   147   159   158   139
   40    62    61    61    83   116   138   158   171   152   147   128
   44    61    45    41    56    65    85   106   116   120   115    93
   10    22    16    20    37    51    65    67    63    68    78    70
   11    21    13    12    10    20    32    37    35    33    40    32
    5    12     8     5     2     5     7     9     8     9    14    11
    0     0     0     0     1     1     1     2     3     4     4     2
    0     0     0     0     0     0     0     0     0     0     1     1
    0     0     0     0     0     0     0     0     1     1     2     2
    0     0     0     0     0     0     0     0     2     2     6     6
    0     0     0     0     0     0     0     1     2     2     6     6
    0     0     0     0     0     0     2     2     2     1    10    10
    0     0     0     0     0     1     3     4     5     9    18    17
    0     0     1     1     1     3     5    12    11    15    29    26
    0     1     4     3     2     5    13    16    19    29    40    30
    2     6     7     6     3     7    17    29    42    53    67    60
    3     6     8     8     6     9    21    39    56    79    93    72
    5     6     7     7    11    15    26    42    58    82   108    88
    4     8    12    13    23    32    51    72    98   122   163   120
    9    15    26    38    51    57    95   107   124   136   179   135
   16    22    29    40    60    73   121   131   141   151   159   134
   18    23    20    16    28    41    71    85    99   122   130   120
   10    20    19    14    10    16    19    29    44    53    83    81
    6    15    14    10     5     7     8    14    29    33    41    33
    4     9     8     4     4     3     5     8    11    16    18    17
    0     0     0     0     0     1     1     1     2     5     4     3
    0     0     0     0     0     0     0     0     0     0     1     1
    0     0     0     0     0     0     0     0     0     1     2     2
    0     0     0     0     0     0     0     0     0     3     5     4
    0     0     0     0     0     0     0     2     2     4     5     4
    0     0     0     0     0     0     1     2     4     4    10     8
    0     0     0     0     1     1     2     6     8    11    15    12
    0     0     0     1     1     2     3    11    14    17    19    18
    0     1     2     3     3     4    10    14    18    22    29    23
    2     4     5     8     6     6    23    28    34    39    51    45
    3     5     9     9     7     8    20    36    56    86    98    72
    5     6     8     9     9     6    18    43    68    95   130   114
  158    64    14    13    14    23    35    43    97   127   172   148
  159    69    63    64    67    81    81    84   112   117   159   137
   62    71    62    65    64    75    78   102   118   135   149   128
    8    14    13    14    20    30    47    79    92   116   137   126
    7    13    18    15    10     7     8    12    22    50    92    90
    6     9    12    11     7    11    17    24    28    39    58    54
    4     5     6     5     4     6    12    17    21    30    41    39
    0     0     0     0     0     0     1     1     1     6     8     7
    0     0     0     0     0     0     0     0     0     0     1     1
    0     0     0     0     0     0     0     0     0     0     1     1
    0     0     0     0     0     0     0     0     0     2     3     2
    0     0     0     0     0     0     0     1     2     3     5     4
    0     0     0     0     0     0     0     1     7     7     9     5
    0     0     0     0     1     1     0     4     8    11    17    12
    0     0     0     3     3     5     4    10    12    18    21    16
    0     1     4    21    43    55    45    26    19    23    31    24
    2     3     6    27    48    68    78    79    71    53    54    43
    4     8    10    20    37    74    94   104   107   104    97    72
   16    30    54    62    64    55    66    91   108   131   144   125
  157   153    96    89    79    66    55    67    83   137   181   153
  158   161   138   127   101    88    65    78    82   119   153   127
   66    72    66    74    80    77    78    89    98   125   128   105
    7    12    12    14    27    37    52    68    80   109   129   116
    6    10    15    18    19    23    26    33    45    74    98    92
    5     8    13    23    29    42    47    54    59    68    79    71
    3     4     6    14    18    24    24    32    40    46    51    47
    1     1     0     0     0     0     0     0     1     6    10    10
    0     0     0     0     0     0     0     0     0     0     0     0
    0     0     0     0     0     0     0     0     0     0     2     2
    0     0     0     0     0     0     0     0     0     2     3     3
    0     0     0     0     0     0     0     0     1     4     8     8
    0     0     0     0     0     1     2     1     6    11    11    10
   18    19     1     1     2     2     3     6     9    13    20    18
   63    69    70    67    34     6     8     6    13    17    20    16
   63    69    71    73    83    81    62    23    19    19    26    23
    2     6    40    79    90    98    97    93    75    61    51    41
    4     7     9    27    52   100   122   127   124   122    96    73
   15    30    53    65    76    82   100   116   135   153   153   127
  102   102    95    91    87    83    90    91   107   133   160   129
  106   109   107   104    83    71    69    69    75    97   131   106
   16    18    39    51    60    67    79    93   110   121   120    96
   11    13    16    30    48    55    64    82   104   117   146   126
   42    47    51    52    45    44    46    59    87   105   136   118
   46    51    54    58    57    66    73    72    80    83   100    82
   10    17    20    24    26    30    36    39    42    46    53    46
    1     1     0     0     0     0     0     0     0     7    15    14
    0     0     0     0     0     0     0     0     0     6     6     5
    0     0     0     0     0     0     0     6     6     6     9     8
    0     0     0     0     3     7     7     9    14    22    31    25
    0     0     6     8    13    23    30    32    34    31    37    37
   17    39    43    40    45    48    45    42    44    47    43    36
  314   275   163   135   114    90    76    66    54    55    56    51
  314   281   250   217   165   107    83    65    55    56    56    49
  112   125   135   146   147   130   100    68    54    48    50    41
    4    11    52    98   113   117   105    98    77    74    76    67
    4     4     7    19    40    65    88   112   127   132   124   100
    8    14    21    51    70    85   119   134   146   139   163   141
   11    23    33    60    82    99   118   120   151   168   191   164
   62    71    71    85    95   105   122   129   142   145   153   133
   53    64    76    93   127   157   170   174   166   164   160   126
   30    72    89   110   138   156   167   165   166   178   213   181
  200   171   158   148   136   129   118   108   128   150   196   174
  200   178   146   111   101   100    98    85    81    90   116    99
   18    21    22    27    35    36    34    33    36    42    52    47
    1     1     1     0     0     1     1     1     2     7    15    15
    0     0     0     0     0     0     0     0     0     6     8     8
    0     0     0     0     0     0     0     7     7     8    14    14
    0     0     0     0     4    10    10    11    16    26    38    32
    0     0     8    11    16    28    35    37    40    35    45    44
   19    41    46    50    54    59    57    51    53    55    62    51
  314   297   169   147   127   111   101    85    77    74    80    74
  314   311   204   162   147   127   110   105   101   109   113   100
  109   129    92    97   106   104    87   103   113   113   112    98
    8    16    24    46    71    91   101   119   105   101   124   104
   17    37    48    58    63    79   102   135   165   169   173   125
   23    54    71    88   103   124   159   187   200   209   274   238
   65    79   109   127   145   153   158   167   179   244   355   322
  151   150   143   150   133   135   161   189   205   231   309   285
  150   123   118   146   173   203   226   251   258   291   364   308
   37    81   109   136   158   177   208   239   256   299   411   381
  199   194   159   150   149   148   143   148   182   228   325   304
  199   203   151   106   101   108   113   107   101   112   159   144
   18    20    19    18    23    30    34    38    39    49    73    69
    1     1     1     0     0     1     2     2     4     8    14    14
    0     0     0     0     0     0     0     0     1     8    18    17
    0     0     0     0     0     0     1     5    11    17    28    27
    0     0     0     0     1     4     6    10    22    29    43    38
    0     0     2     5     6    10    15    21    39    42    58    54
    2     9    14    16    16    21    26    34    47    63    88    77
   52    56    39    39    44    46    51    60    74    93   108    99
   65    74    72    60    64    73    87   102   106   132   163   151
   41    64    92   100   120   123   109   124   156   183   200   173
   97   108   129   148   164   180   203   199   205   217   276   245
  231   192   188   198   203   210   217   248   343   420   488   379
  237   147   127   141   151   167   228   325   423   538   668   599
   71    95   143   157   182   210   233   279   358   553   744   691
  188   184   198   185   170   163   195   251   346   485   668   621
  191   153   153   173   224   276   328   374   467   568   683   582
   17    49   107   161   203   256   293   356   451   555   652   603
  116   135   146   145   138   141   140   189   260   385   473   437
  119   132   129   117   109   100    95    94   115   146   209   183
   11    23    26    24    23    21    18    27    57    80   110    99
    0     1     1     0     0     0     2     2     5    11    19    19
    0     0     0     0     0     0     0     0     1    14    43    43
    0     0     0     0     0     0     1    13    29    39    69    69
    0     0     0     0     0    12    17    33    48    79   116   103
    0     0     1     8    17    24    40    67    98   123   148   142
    0     7    17    27    37    53    87   100   132   167   220   199
   57    76    77    76    88   102   152   180   211   253   287   264
  131   203   232   207   171   181   239   284   300   321   384   346
  105   174   219   256   279   293   342   388   422   443   497   416
  112   171   212   266   333   388   534   629   632   622   678   616
  231   252   241   280   389   479   599   726   866   991  1041   863
  263   246   252   253   308   375   534   776   965  1087  1168  1029
  130   208   248   271   336   404   505   664   863  1054  1171  1043
  370   393   407   376   353   362   452   602   734   833   953   845
  364   360   338   345   395   460   566   656   743   782   825   676
   55   163   242   310   349   399   480   575   641   661   708   614
  252   256   223   191   162   164   167   244   336   421   476   420
  248   254   200   127    92    80    96   116   136   156   180   154
   14    29    29    22    16    19    43    69    91    99   102    89
    0     1     1     0     0     0     4     5     6    11    20    18
    0     0     0     0     0     0     0     0     0    16    68    67
    0     0     0     0     0     0     0    19    59    80   123   122
    0     0     0     0     1    15    50    80   107   135   191   177
    0     0     1    16    35    51    89   149   204   234   268   249
    0    23    41    58    82   123   174   228   260   306   407   369
  360   168   155   174   216   261   307   357   384   450   532   474
  503   544   511   415   404   428   471   538   551   589   721   650
  421   483   527   562   617   648   637   673   721   777   942   823
  280   407   507   539   638   762   908  1041  1023  1009  1143  1017
  336   378   361   416   602   814  1015  1179  1262  1319  1388  1169
  338   388   411   448   533   780  1099  1274  1336  1339  1452  1212
  472   532   525   552   679   899  1063  1146  1203  1265  1368  1128
  811   819   739   667   683   780   843   915   953   989  1045   843
  803   781   663   621   672   736   797   810   813   785   798   626
  105   265   349   413   475   527   599   647   661   651   687   550
  243   223   164   135   126   144   197   302   363   397   459   367
  242   222   131    60    80   111   121   142   156   165   163   117
   13    16    16    19    49    78    87    96   105   112    96    73
    0     1     1     0     0     1     3     5     6    19    35    33
    0     0     0     0     0     0     0     0     2    13    90    90
    0     0     0     0     0     3     6    16    62   101   201   197
    0     0     1    12    21    32    81    99   128   195   302   279
    0     0     5    60   114   137   161   199   263   335   400   351
    0    52   121   188   208   257   299   340   357   427   548   492
  387   242   321   351   405   459   471   518   547   649   735   651
  818   835   873   686   657   682   726   764   776   849   977   879
  790   841   881   906   979   975   959   969   978  1057  1229  1101
  411   637   747   865   999  1135  1238  1268  1206  1310  1471  1308
  455   505   529   814  1129  1293  1347  1381  1338  1459  1584  1351
  355   494   679   937  1102  1249  1377  1410  1390  1408  1513  1285
  484   661   848   996  1160  1237  1272  1267  1213  1249  1302  1082
 1041  1087   994   930   934  1026  1041  1027   951   934   943   753
 1049  1071  1001   946   900   932   928   853   724   640   636   526
  227   328   425   543   608   660   663   635   587   630   633   533
   36    48    79   128   199   273   306   341   340   408   465   412
   34    59   118   133   164   170   162   160   137   133   167   135
    6    30    86    95    97    94    97    96    79    62    73    62
    0     1     1     0     2     3     4     5     7    19    32    29
    0     0     0     0     0     0     0     0     2    25   128   127
    0     0     0     0     0     3     6    13    68   142   278   273
    0     4    12    21    26    32    77   111   185   284   425   397
  223   210   117   101   147   169   202   241   326   453   551   475
  224   243   292   315   312   346   384   426   490   626   741   614
  292   374   408   463   534   622   601   642   686   885   997   830
 1238  1222  1079   929   894   940   906   881   944  1117  1264  1096
 1265  1232  1169  1280  1323  1292  1183  1118  1202  1319  1512  1272
  514   775  1041  1277  1422  1467  1352  1295  1409  1520  1691  1456
  731   890  1036  1279  1474  1491  1443  1393  1503  1645  1832  1508
  817  1074  1208  1326  1396  1424  1406  1333  1427  1553  1713  1428
  841  1059  1155  1299  1398  1426  1318  1138  1165  1284  1395  1130
 1575  1364  1097  1111  1130  1090   993   916   915   902   898   662
 1465  1435  1240  1154  1080   961   821   667   614   565   544   436
  401   527   610   716   731   688   606   565   599   593   564   433
  144   211   252   290   308   321   326   346   420   464   444   354
  267   290   289   263   245   182   145   112   163   231   213   138
  223   227   136   110   101    91    72    42    71    94   108    61
    0     1     1     0     3     4     5     8    11    43    40     1
    0     0     0     0     0     0     0     0     1    34   111   111
    0     0     0     0     0     0     1    10    74   171   237   227
    0     6    13    22    24    16    56   136   238   334   386   314
  297   237   126   106   139   134   172   271   392   490   500   363
  298   290   339   317   313   305   354   482   604   652   626   445
  371   477   544   574   563   583   581   763   872   922   826   585
 1665  1648  1340  1192  1059   957   927  1050  1140  1150  1006   752
 2023  2048  1777  1656  1527  1325  1326  1419  1475  1382  1194   820
 1326  1644  1725  1692  1663  1526  1542  1612  1630  1565  1348   898
 1565  1737  1685  1699  1689  1477  1489  1583  1722  1694  1507   941
 1608  1773  1690  1651  1597  1364  1323  1460  1657  1617  1381   884
 1135  1399  1461  1485  1390  1290  1185  1268  1344  1343  1130   719
 1570  1510  1390  1261  1125  1052   975  1035  1048   978   726   421
 1686  1682  1470  1254  1095   954   864   797   715   647   418   260
 1116   671   711   745   711   651   646   706   694   626   393   211
  233   297   315   340   350   343   414   469   519   502   337   185
  391   382   340   284   194   118   125   201   229   215   175   101
  387   311   154   104    41    33    58   130   156   122    96    55
    0     2     2     2     3     3    14    51    59    67    38     0
    0     0     0     0     0     0     0     0     4    64    84    38
    0     0     0     0     0     2     5    29   121   165   176    94
    0     2     2     3     8    23    71   182   239   277   252   122
  297    45    11    13    66   153   233   311   341   367   271   141
  301    90   105   122   224   368   490   537   544   452   393   172
  229   323   376   455   620   790   805   800   793   656   547   242
 1665  1540  1193  1174  1255  1310  1312  1159   973   819   621   305
 2222  2145  1833  1754  1760  1719  1775  1734  1339   987   668   317
 1817  1912  1911  1886  1816  1904  2010  1948  1482  1070   688   337
 2126  2168  1953  1852  1724  1686  1797  1778  1578  1133   754   368
 2039  1939  1698  1541  1415  1539  1719  1681  1521  1142   697   321
 1354  1319  1286  1395  1445  1559  1603  1538  1259   963   607   289
 1326  1460  1297  1265  1287  1324  1278  1292  1129   832   470   227
 1692  1732  1440  1251  1208  1147  1089  1052   867   648   302   161
 1513   835   710   657   701   688   769   838   759   586   158    61
  170   224   185   206   298   377   509   575   550   439   159    26
  394   296   108    88    91   133   227   246   232   183   101     8
  387   214    34    25    27    60   133   151   173   114    20     1
    0     3     4     6     7    12    54    85    96    51     1     0
    0     0     0     0     0     0     0     0     3    48    48     2
    0     0     0     0     1     3     7    30    91    93    84     5
    0     0     1    10    18    27    61   140   156   134    91     3
    6    18    40    52    85   147   194   245   213   140    24     3
   26   164   208   276   338   442   532   507   384   174    74     6
  144   478   625   753   879   958   980   874   547   229    98    11
 1475  1346  1215  1310  1420  1440  1393  1124   650   303    78    10
 2113  1781  1700  1787  1880  1802  1694  1447   844   347    81     6
 2053  1647  1639  1710  1723  1898  1870  1603   894   340    81     5
 1789  1793  1590  1706  1759  1765  1631  1367   907   328    70     8
 1275  1390  1370  1556  1602  1663  1511  1219   888   357    68     6
  883  1156  1319  1568  1580  1648  1468  1168   828   383   145    29
 1292  1265  1435  1396  1258  1295  1228  1048   769   387   199    53
 1424  1590  1591  1381  1217  1164  1020   823   615   325   150    53
 1262  1111   865   715   711   774   738   638   493   259    33     0
  103   146   167   229   360   453   464   465   311   156    54     0
   46    70    71    81   175   241   243   226   174    79    43     0
   22    27    25    28    69    99   125   118   103    26     0     0
    1     4     6     7    13    18    44    63    61    24     0     0
    0     0     0     0     0     0     0     0     0     0     0     0
    0     0     0     1    12    12     2     6    10     8     0     0
    0     0     2    20    24    25    22    25    23    13     0     0
    5    22    52    61    83   111    96    70    34    10     0     0
  392   363   247   294   338   388   324   170    33     4     0     0
  462   568   643   698   752   806   663   375    44     2     0     0
 1436  1236  1099  1135  1213  1116   876   439    61     5     0     0
 1560  1696  1612  1573  1484  1157   872   369    77     9     0     0
 1524  1451  1410  1429  1312  1072   866   454   101    11     0     0
 1002  1394  1387  1459  1334  1056   797   452   108    11     0     0
  917  1259  1207  1281  1230  1064   839   416   122     6     0     0
 1125  1250  1102  1225  1217  1091   878   447   131     3     0     0
 1463  1325  1145  1157  1084   922   716   393   165    21     0     0
 1444  1412  1230  1258  1148   888   597   325   169    23     0     0
 1346  1126   837   856   765   657   429   255   114    20     0     0
  114   152   197   420   466   430   274   177    45    11     0     0
   37    73   124   215   218   237   192   136    31    15     0     0
    6    22    48    77    74   107    83    48    15    13     0     0
    1     4    17    26    16    19     9    11    11    11     0     0
    0     0     0     0     0     0     0     0     0     0     0     0
    0     0     0     1    12    12     0     0     0     0     0     0
    0     0     1    25    28    12     0     0     0     0     0     0
    3    14    31    29    32    16     4     2     0     0     0     0
  389   358   246   128   146   102    20     6     0     0     0     0
  431   528   542   320   250   179    45    10     0     0     0     0
 1599  1058   849   603   399   261   111     9     0     0     0     0
 1514  1405  1190   776   459   245   126    17     0     0     0     0
  785   950  1002   743   513   278   129    20     0     0     0     0
  572   781   943   848   700   429   149    19     0     0     0     0
  594   790   948   905   802   438   178    17     2     0     0     0
  666   861   922   872   686   360   211    42     2     0     0     0
  756   992   964   831   530   339   234    50     1     0     0     0
 1107  1029   971   831   594   472   328    37     0     0     0     0
 1058   976   901   687   494   430   253    20     0     0     0     0
   90   438   462   409   388   288    99     1     0     0     0     0
   27   269   304   247   193   158    41     2     0     0     0     0
    3    79    89    89    63    78    18     1     0     0     0     0
    0    13    26    30    15    15     0     0     0     0     0     0
    0     0     0     0     0     0     0     0     0     0     0     0
    0     0     0     0     0     0     0     0     0     0     0     0
    0     0     0    16    16     0     0     0     0     0     0     0
    2    11    18    18    17     0     0     0     0     0     0     0
   19    32    46    40    42    12     0     0     0     0     0     0
   53    84   129   124    89    56     6     0     0     0     0     0
  502   368   269   197   107    60     6     0     0     0     0     0
  615   736   416   260    98    36     0     0     0     0     0     0
  608   783   560   363   148    46     0     0     0     0     0     0
  582   731   684   364   241    84     0     0     0     0     0     0
  435   545   559   296   232    67     9     0     0     0     0     0
  610   346   384   294   203    22    10     0     0     0     0     0
  674   397   461   367   246    37    15     0     0     0     0     0
  381   549   507   421   297    72    48     0     0     0     0     0
  502   576   536   479   321    51    34     0     0     0     0     0
  438   522   488   370   276     4     0     0     0     0     0     0
  437   454   328   209   123     3     0     0     0     0     0     0
  114   108   113    73    26     0     0     0     0     0     0     0
    0    12    31    25     1     0     0     0     0     0     0     0
    0     0     0     0     0     0     0     0     0     0     0     0
    0     0     0     0     0     0     0     0     0     0     0     0
    0     0     0     0     0     0     0     0     0     0     0     0
    2    20    20     0     0     0     0     0     0     0     0     0
   13    28    29     3    11    11     0     0     0     0     0     0
   20    44    71    34    11    11     0     0     0     0     0     0
   32   113   159    84    17     4     0     0     0     0     0     0
   99   236   290   186    13     0     0     0     0     0     0     0
  287   447   401   240     0     0     0     0     0     0     0     0
  299   442   363   195     0     0     0     0     0     0     0     0
  145   244   230    89     0     0     0     0     0     0     0     0
  117   231   215    75     9     0     0     0     0     0     0     0
  178   286   246    64     9     0     0     0     0     0     0     0
  319   401   304    60     5     0     0     0     0     0     0     0
  466   475   383    81    27     0     0     0     0     0     0     0
  435   519   452    52    27     0     0     0     0     0     0     0
  437   443   287    15     0     0     0     0     0     0     0     0
  114    82    88    20     0     0     0     0     0     0     0     0
    0     1    19    19     0     0     0     0     0     0     0     0
    0     0     0     0     0     0     0     0     0     0     0     0
    0     0     0     0     0     0     0     0     0     0     0     0
    0     0     0     0     0     0     0     0     0     0     0     0
    1    20    20     0     0     0     0     0     0     0     0     0
    4    20    20     0     0     0     0     0     0     0     0     0
    4    24    24     0     0     0     0     0     0     0     0     0
    9    43    63    32    13     0     0     0     0     0     0     0
   49    99    74    54    13     0     0     0     0     0     0     0
  243   303    96    41     0     0     0     0     0     0     0     0
  246   303    76     7     0     0     0     0     0     0     0     0
   48    94    58     0     0     0     0     0     0     0     0     0
   22    83    75    23     0     0     0     0     0     0     0     0
   24    80    75    34     0     0     0     0     0     0     0     0
   34    57    55    32     0     0     0     0     0     0     0     0
   44    73    67    38    15     0     0     0     0     0     0     0
   48    82    52    15    15     0     0     0     0     0     0     0
   40    73    37     0     0     0     0     0     0     0     0     0
    2     1    19    19     0     0     0     0     0     0     0     0
    0     1    19    19     0     0     0     0     0     0     0     0
    0     0     0     0     0     0     0     0     0     0     0     0
    0     0     0     0     0     0     0     0     0     0     0     0
    0     0     0     0     0     0     0     0     0     0     0     0
    0     0     0     0     0     0     0     0     0     0     0     0
    0     0     0     0     0     0     0     0     0     0     0     0
    0     0     0     0     0     0     0     0     0     0     0     0
    0     0     0     0     0     0     0     0     0     0     0     0
    0    21    22    22     0     0     0     0     0     0     0     0
    0    21    22    22     0     0     0     0     0     0     0     0
    0     5     5     0     0     0     0     0     0     0     0     0
    3     5     2     0     0     0     0     0     0     0     0     0
    3    15    12     0     0     0     0     0     0     0     0     0
    3    15    12     0     0     0     0     0     0     0     0     0
    7    10     4     0     0     0     0     0     0     0     0     0
   26    45    20     0     0     0     0     0     0     0     0     0
   41    76    36     0     0     0     0     0     0     0     0     0
   36    71    36     0     0     0     0     0     0     0     0     0
    0     0     0     0     0     0     0     0     0     0     0     0
    0     0     0     0     0     0     0     0     0     0     0     0
